  <Chi2>	   dG(A)	   dG(B)	  dG(AB)	    m(A)	
1.099e-04	  -3.190	  -2.365	   4.373	   0.228	
1.090e-04	  -3.018	  -2.307	   4.282	   0.237	
1.184e-04	  -3.107	  -2.346	   4.312	   0.227	
8.818e-05	  -3.190	  -2.438	   4.464	   0.235	
8.919e-05	  -3.224	  -2.370	   4.391	   0.227	
1.040e-04	  -3.074	  -2.398	   4.370	   0.236	
9.043e-05	  -3.236	  -2.449	   4.469	   0.230	
1.175e-04	  -3.083	  -2.385	   4.313	   0.224	
8.112e-05	  -3.136	  -2.416	   4.399	   0.231	
1.280e-04	  -3.189	  -2.409	   4.426	   0.232	
1.187e-04	  -3.175	  -2.381	   4.424	   0.237	
1.217e-04	  -3.160	  -2.409	   4.418	   0.234	
1.142e-04	  -3.069	  -2.309	   4.271	   0.227	
1.041e-04	  -3.175	  -2.373	   4.371	   0.228	
1.131e-04	  -3.267	  -2.511	   4.550	   0.235	
1.051e-04	  -2.967	  -2.204	   4.143	   0.227	
8.376e-05	  -2.993	  -2.350	   4.275	   0.232	
1.224e-04	  -3.183	  -2.283	   4.346	   0.232	
1.050e-04	  -3.289	  -2.329	   4.410	   0.229	
9.799e-05	  -3.103	  -2.373	   4.359	   0.233	
1.135e-04	  -3.154	  -2.412	   4.359	   0.223	
9.307e-05	  -3.146	  -2.381	   4.361	   0.229	
1.020e-04	  -3.251	  -2.459	   4.436	   0.223	
8.463e-05	  -3.118	  -2.261	   4.298	   0.233	
1.094e-04	  -3.221	  -2.452	   4.471	   0.233	
1.069e-04	  -3.064	  -2.246	   4.241	   0.231	
1.101e-04	  -3.209	  -2.524	   4.512	   0.232	
1.072e-04	  -3.147	  -2.465	   4.419	   0.229	
1.112e-04	  -3.024	  -2.392	   4.277	   0.224	
8.888e-05	  -3.067	  -2.324	   4.257	   0.223	
9.769e-05	  -3.021	  -2.314	   4.259	   0.231	
1.072e-04	  -3.161	  -2.300	   4.352	   0.235	
1.044e-04	  -3.159	  -2.376	   4.403	   0.234	
1.198e-04	  -3.104	  -2.360	   4.341	   0.231	
1.093e-04	  -3.153	  -2.303	   4.369	   0.239	
8.802e-05	  -3.066	  -2.350	   4.310	   0.231	
9.630e-05	  -3.156	  -2.357	   4.390	   0.235	
9.491e-05	  -3.159	  -2.304	   4.361	   0.236	
1.058e-04	  -3.085	  -2.403	   4.364	   0.232	
1.210e-04	  -3.150	  -2.513	   4.470	   0.232	
7.385e-05	  -3.119	  -2.292	   4.318	   0.235	
9.226e-05	  -3.084	  -2.384	   4.328	   0.228	
1.096e-04	  -3.107	  -2.437	   4.388	   0.231	
1.178e-04	  -3.096	  -2.365	   4.345	   0.233	
1.197e-04	  -3.216	  -2.403	   4.418	   0.229	
9.102e-05	  -3.276	  -2.485	   4.522	   0.232	
1.179e-04	  -3.172	  -2.415	   4.420	   0.232	
1.036e-04	  -3.205	  -2.457	   4.500	   0.240	
9.711e-05	  -3.072	  -2.323	   4.315	   0.234	
8.779e-05	  -3.094	  -2.433	   4.357	   0.227	
9.994e-05	  -3.069	  -2.356	   4.313	   0.231	
1.083e-04	  -3.098	  -2.395	   4.346	   0.228	
9.765e-05	  -3.069	  -2.419	   4.354	   0.230	
1.057e-04	  -3.152	  -2.468	   4.432	   0.231	
9.637e-05	  -3.170	  -2.416	   4.415	   0.231	
9.898e-05	  -3.123	  -2.444	   4.419	   0.233	
1.188e-04	  -3.033	  -2.380	   4.332	   0.235	
8.666e-05	  -3.140	  -2.366	   4.417	   0.240	
1.278e-04	  -3.026	  -2.287	   4.253	   0.232	
1.049e-04	  -3.230	  -2.405	   4.434	   0.230	
1.146e-04	  -3.172	  -2.448	   4.453	   0.234	
9.754e-05	  -3.178	  -2.490	   4.463	   0.231	
9.662e-05	  -3.247	  -2.404	   4.456	   0.233	
9.949e-05	  -3.158	  -2.389	   4.404	   0.233	
9.213e-05	  -3.190	  -2.486	   4.493	   0.236	
1.162e-04	  -3.001	  -2.292	   4.217	   0.228	
1.179e-04	  -3.144	  -2.491	   4.449	   0.232	
9.415e-05	  -3.210	  -2.499	   4.514	   0.237	
8.701e-05	  -3.076	  -2.360	   4.309	   0.228	
9.387e-05	  -3.121	  -2.418	   4.350	   0.224	
9.491e-05	  -3.099	  -2.484	   4.421	   0.231	
9.455e-05	  -3.155	  -2.418	   4.412	   0.234	
9.070e-05	  -3.223	  -2.383	   4.447	   0.236	
1.032e-04	  -3.220	  -2.540	   4.535	   0.234	
1.025e-04	  -3.120	  -2.344	   4.350	   0.233	
1.040e-04	  -3.109	  -2.336	   4.342	   0.235	
1.076e-04	  -3.231	  -2.319	   4.382	   0.229	
1.092e-04	  -3.168	  -2.374	   4.404	   0.234	
1.075e-04	  -3.117	  -2.381	   4.383	   0.236	
1.010e-04	  -3.234	  -2.459	   4.490	   0.233	
1.021e-04	  -3.228	  -2.415	   4.465	   0.235	
1.004e-04	  -3.133	  -2.412	   4.395	   0.231	
9.823e-05	  -3.029	  -2.281	   4.239	   0.230	
1.155e-04	  -3.193	  -2.455	   4.464	   0.233	
9.205e-05	  -3.100	  -2.383	   4.384	   0.236	
9.753e-05	  -3.171	  -2.414	   4.408	   0.229	
1.243e-04	  -3.297	  -2.412	   4.529	   0.240	
1.119e-04	  -3.151	  -2.430	   4.396	   0.229	
1.031e-04	  -3.124	  -2.412	   4.399	   0.232	
1.092e-04	  -3.095	  -2.347	   4.330	   0.231	
9.376e-05	  -3.220	  -2.342	   4.369	   0.225	
7.924e-05	  -3.171	  -2.370	   4.396	   0.233	
1.193e-04	  -3.155	  -2.411	   4.378	   0.227	
1.050e-04	  -3.037	  -2.341	   4.291	   0.233	
8.261e-05	  -3.129	  -2.356	   4.351	   0.232	
8.699e-05	  -3.142	  -2.339	   4.397	   0.241	
9.358e-05	  -3.214	  -2.329	   4.352	   0.225	
1.178e-04	  -3.155	  -2.411	   4.395	   0.230	
1.189e-04	  -3.152	  -2.400	   4.379	   0.228	
1.071e-04	  -3.263	  -2.406	   4.477	   0.235	
1.007e-04	  -3.160	  -2.436	   4.436	   0.234	
1.002e-04	  -3.067	  -2.407	   4.334	   0.228	
1.170e-04	  -3.217	  -2.343	   4.347	   0.223	
1.055e-04	  -3.172	  -2.311	   4.344	   0.231	
8.420e-05	  -3.073	  -2.320	   4.286	   0.230	
9.254e-05	  -3.131	  -2.465	   4.427	   0.232	
9.073e-05	  -3.188	  -2.293	   4.353	   0.233	
9.376e-05	  -3.175	  -2.465	   4.438	   0.229	
1.007e-04	  -3.009	  -2.337	   4.260	   0.229	
1.038e-04	  -3.253	  -2.412	   4.459	   0.230	
1.026e-04	  -3.158	  -2.431	   4.439	   0.235	
1.074e-04	  -3.155	  -2.494	   4.424	   0.226	
1.030e-04	  -3.077	  -2.463	   4.403	   0.233	
9.568e-05	  -3.123	  -2.363	   4.355	   0.232	
1.128e-04	  -3.046	  -2.273	   4.249	   0.231	
1.072e-04	  -3.028	  -2.297	   4.263	   0.232	
9.772e-05	  -3.136	  -2.443	   4.380	   0.226	
6.617e-05	  -3.240	  -2.417	   4.462	   0.233	
9.535e-05	  -3.136	  -2.388	   4.385	   0.233	
8.890e-05	  -3.161	  -2.378	   4.372	   0.229	
8.528e-05	  -3.171	  -2.430	   4.419	   0.231	
1.191e-04	  -3.168	  -2.468	   4.430	   0.228	
8.965e-05	  -3.159	  -2.332	   4.346	   0.228	
9.655e-05	  -3.165	  -2.353	   4.386	   0.233	
8.685e-05	  -3.178	  -2.407	   4.443	   0.237	
1.084e-04	  -3.070	  -2.382	   4.338	   0.232	
9.071e-05	  -3.050	  -2.389	   4.335	   0.232	
1.291e-04	  -3.106	  -2.363	   4.344	   0.231	
1.065e-04	  -2.949	  -2.360	   4.249	   0.231	
1.072e-04	  -3.057	  -2.304	   4.262	   0.229	
9.580e-05	  -3.150	  -2.475	   4.435	   0.231	
1.151e-04	  -3.073	  -2.311	   4.290	   0.231	
8.881e-05	  -3.149	  -2.315	   4.346	   0.232	
9.790e-05	  -3.084	  -2.400	   4.355	   0.232	
9.331e-05	  -3.168	  -2.332	   4.342	   0.228	
9.299e-05	  -3.306	  -2.410	   4.501	   0.233	
1.088e-04	  -3.168	  -2.358	   4.386	   0.232	
9.740e-05	  -3.192	  -2.408	   4.450	   0.238	
1.008e-04	  -3.112	  -2.488	   4.433	   0.233	
1.117e-04	  -3.129	  -2.468	   4.442	   0.235	
9.085e-05	  -3.139	  -2.394	   4.376	   0.230	
9.398e-05	  -3.018	  -2.286	   4.239	   0.230	
1.032e-04	  -3.160	  -2.434	   4.428	   0.233	
1.098e-04	  -2.921	  -2.323	   4.183	   0.226	
1.106e-04	  -3.016	  -2.286	   4.249	   0.232	
9.906e-05	  -3.085	  -2.230	   4.263	   0.234	
1.362e-04	  -3.057	  -2.420	   4.329	   0.227	
1.088e-04	  -3.215	  -2.501	   4.487	   0.229	
9.086e-05	  -3.072	  -2.410	   4.324	   0.225	
1.024e-04	  -3.064	  -2.346	   4.298	   0.230	
1.107e-04	  -3.233	  -2.487	   4.492	   0.231	
1.046e-04	  -3.153	  -2.358	   4.377	   0.234	
1.120e-04	  -3.189	  -2.416	   4.407	   0.226	
9.173e-05	  -3.201	  -2.456	   4.475	   0.234	
1.172e-04	  -3.188	  -2.316	   4.341	   0.228	
1.048e-04	  -3.102	  -2.362	   4.335	   0.230	
1.312e-04	  -3.179	  -2.359	   4.387	   0.233	
1.145e-04	  -3.113	  -2.361	   4.349	   0.232	
1.017e-04	  -3.106	  -2.412	   4.386	   0.233	
1.003e-04	  -3.102	  -2.302	   4.323	   0.235	
1.044e-04	  -3.153	  -2.423	   4.388	   0.227	
1.043e-04	  -3.161	  -2.424	   4.421	   0.232	
9.599e-05	  -3.108	  -2.314	   4.307	   0.230	
9.978e-05	  -3.125	  -2.355	   4.340	   0.229	
9.814e-05	  -3.168	  -2.345	   4.358	   0.230	
1.204e-04	  -3.162	  -2.381	   4.386	   0.232	
1.115e-04	  -3.048	  -2.234	   4.244	   0.233	
9.662e-05	  -3.145	  -2.364	   4.348	   0.229	
1.181e-04	  -3.206	  -2.435	   4.461	   0.235	
1.049e-04	  -3.203	  -2.312	   4.360	   0.230	
1.089e-04	  -3.062	  -2.413	   4.328	   0.227	
1.075e-04	  -3.142	  -2.380	   4.373	   0.231	
1.085e-04	  -3.172	  -2.429	   4.419	   0.231	
8.966e-05	  -3.112	  -2.381	   4.329	   0.224	
1.022e-04	  -3.089	  -2.401	   4.340	   0.228	
8.904e-05	  -3.132	  -2.463	   4.426	   0.231	
1.038e-04	  -3.157	  -2.368	   4.382	   0.233	
1.029e-04	  -3.204	  -2.443	   4.441	   0.230	
8.724e-05	  -3.043	  -2.326	   4.282	   0.231	
1.034e-04	  -3.203	  -2.428	   4.449	   0.233	
1.072e-04	  -3.246	  -2.331	   4.412	   0.231	
1.095e-04	  -3.096	  -2.370	   4.372	   0.238	
1.143e-04	  -3.156	  -2.351	   4.340	   0.228	
1.001e-04	  -3.087	  -2.306	   4.316	   0.234	
1.207e-04	  -3.174	  -2.485	   4.442	   0.227	
1.069e-04	  -3.178	  -2.449	   4.409	   0.225	
1.156e-04	  -3.256	  -2.478	   4.511	   0.233	
9.803e-05	  -3.095	  -2.338	   4.334	   0.233	
9.858e-05	  -3.180	  -2.367	   4.429	   0.238	
1.101e-04	  -3.117	  -2.270	   4.315	   0.235	
1.114e-04	  -3.050	  -2.384	   4.338	   0.234	
1.295e-04	  -3.051	  -2.407	   4.360	   0.235	
1.062e-04	  -3.075	  -2.428	   4.352	   0.229	
1.051e-04	  -3.215	  -2.393	   4.413	   0.229	
9.610e-05	  -3.005	  -2.394	   4.297	   0.230	
1.142e-04	  -3.086	  -2.295	   4.300	   0.233	
9.149e-05	  -3.173	  -2.394	   4.435	   0.237	
9.929e-05	  -3.159	  -2.398	   4.374	   0.227	
9.589e-05	  -3.115	  -2.333	   4.300	   0.226	
7.620e-05	  -3.224	  -2.379	   4.446	   0.235	
9.477e-05	  -3.228	  -2.457	   4.487	   0.234	
1.078e-04	  -3.365	  -2.393	   4.560	   0.241	
1.223e-04	  -3.230	  -2.443	   4.463	   0.231	
1.157e-04	  -3.203	  -2.569	   4.544	   0.233	
8.451e-05	  -3.071	  -2.406	   4.384	   0.238	
1.023e-04	  -3.167	  -2.354	   4.381	   0.233	
9.445e-05	  -3.071	  -2.345	   4.307	   0.230	
1.070e-04	  -3.232	  -2.446	   4.485	   0.233	
9.660e-05	  -3.104	  -2.348	   4.329	   0.230	
9.544e-05	  -3.108	  -2.334	   4.337	   0.233	
1.113e-04	  -3.228	  -2.348	   4.400	   0.231	
1.063e-04	  -3.160	  -2.325	   4.354	   0.232	
9.648e-05	  -3.159	  -2.321	   4.317	   0.226	
9.924e-05	  -3.152	  -2.228	   4.269	   0.229	
1.148e-04	  -3.088	  -2.434	   4.395	   0.234	
8.036e-05	  -2.903	  -2.256	   4.173	   0.235	
1.104e-04	  -3.088	  -2.358	   4.311	   0.228	
1.227e-04	  -3.211	  -2.459	   4.468	   0.231	
9.272e-05	  -3.263	  -2.453	   4.526	   0.237	
8.371e-05	  -3.180	  -2.344	   4.398	   0.236	
1.041e-04	  -3.128	  -2.268	   4.296	   0.232	
1.107e-04	  -3.106	  -2.367	   4.341	   0.231	
1.013e-04	  -3.199	  -2.334	   4.350	   0.227	
1.059e-04	  -3.030	  -2.316	   4.250	   0.227	
9.235e-05	  -3.007	  -2.328	   4.257	   0.231	
1.096e-04	  -3.144	  -2.398	   4.389	   0.231	
1.001e-04	  -3.244	  -2.391	   4.421	   0.228	
9.178e-05	  -3.113	  -2.329	   4.305	   0.227	
9.737e-05	  -3.010	  -2.264	   4.192	   0.226	
1.087e-04	  -2.963	  -2.252	   4.193	   0.231	
9.272e-05	  -3.141	  -2.471	   4.416	   0.229	
8.272e-05	  -3.082	  -2.352	   4.304	   0.227	
1.069e-04	  -3.132	  -2.338	   4.312	   0.226	
1.095e-04	  -3.161	  -2.385	   4.379	   0.230	
1.209e-04	  -3.241	  -2.620	   4.575	   0.231	
1.035e-04	  -3.014	  -2.379	   4.313	   0.233	
8.827e-05	  -3.101	  -2.331	   4.342	   0.235	
1.006e-04	  -3.117	  -2.427	   4.370	   0.228	
1.024e-04	  -3.157	  -2.448	   4.441	   0.234	
9.741e-05	  -3.159	  -2.438	   4.403	   0.227	
1.007e-04	  -3.087	  -2.484	   4.406	   0.231	
1.141e-04	  -3.097	  -2.382	   4.365	   0.234	
9.859e-05	  -3.167	  -2.415	   4.416	   0.231	
9.393e-05	  -3.154	  -2.409	   4.399	   0.231	
9.966e-05	  -3.090	  -2.431	   4.393	   0.234	
1.023e-04	  -3.155	  -2.348	   4.364	   0.232	
1.166e-04	  -3.160	  -2.408	   4.426	   0.236	
9.517e-05	  -3.126	  -2.383	   4.380	   0.234	
1.042e-04	  -3.067	  -2.376	   4.322	   0.229	
1.172e-04	  -3.226	  -2.448	   4.498	   0.237	
8.897e-05	  -3.146	  -2.332	   4.360	   0.233	
1.128e-04	  -3.282	  -2.297	   4.407	   0.232	
1.054e-04	  -3.125	  -2.409	   4.390	   0.233	
1.021e-04	  -3.218	  -2.434	   4.471	   0.235	
1.006e-04	  -3.197	  -2.344	   4.422	   0.238	
1.085e-04	  -3.178	  -2.471	   4.449	   0.231	
9.898e-05	  -3.023	  -2.346	   4.259	   0.226	
1.178e-04	  -3.233	  -2.424	   4.441	   0.231	
9.076e-05	  -3.149	  -2.338	   4.335	   0.229	
1.090e-04	  -3.249	  -2.453	   4.467	   0.229	
9.424e-05	  -3.173	  -2.351	   4.379	   0.232	
8.794e-05	  -3.122	  -2.399	   4.356	   0.227	
1.007e-04	  -3.153	  -2.366	   4.337	   0.224	
1.067e-04	  -3.063	  -2.440	   4.376	   0.233	
1.092e-04	  -3.208	  -2.274	   4.376	   0.237	
7.877e-05	  -3.037	  -2.338	   4.300	   0.234	
9.810e-05	  -3.159	  -2.201	   4.295	   0.237	
9.940e-05	  -3.171	  -2.354	   4.393	   0.234	
9.343e-05	  -3.059	  -2.336	   4.274	   0.227	
9.840e-05	  -3.221	  -2.441	   4.489	   0.237	
1.313e-04	  -3.041	  -2.205	   4.216	   0.233	
9.106e-05	  -3.108	  -2.325	   4.307	   0.228	
1.037e-04	  -3.080	  -2.280	   4.241	   0.226	
1.218e-04	  -3.094	  -2.341	   4.323	   0.231	
9.505e-05	  -3.027	  -2.297	   4.226	   0.225	
8.755e-05	  -3.092	  -2.404	   4.348	   0.229	
1.221e-04	  -3.069	  -2.257	   4.287	   0.237	
1.019e-04	  -3.215	  -2.549	   4.499	   0.227	
8.931e-05	  -3.248	  -2.476	   4.473	   0.227	
1.036e-04	  -3.051	  -2.370	   4.317	   0.232	
1.023e-04	  -3.133	  -2.337	   4.363	   0.236	
9.586e-05	  -3.112	  -2.446	   4.407	   0.232	
1.081e-04	  -3.152	  -2.290	   4.344	   0.236	
9.432e-05	  -3.122	  -2.275	   4.298	   0.231	
1.051e-04	  -3.125	  -2.255	   4.277	   0.231	
9.127e-05	  -3.073	  -2.362	   4.301	   0.227	
1.088e-04	  -3.089	  -2.437	   4.378	   0.229	
9.106e-05	  -3.095	  -2.341	   4.308	   0.227	
1.097e-04	  -3.093	  -2.384	   4.346	   0.230	
1.009e-04	  -3.219	  -2.277	   4.357	   0.231	
9.828e-05	  -3.115	  -2.265	   4.265	   0.227	
1.234e-04	  -3.084	  -2.361	   4.318	   0.228	
1.084e-04	  -3.102	  -2.298	   4.292	   0.230	
1.035e-04	  -3.114	  -2.380	   4.344	   0.229	
1.063e-04	  -3.104	  -2.296	   4.290	   0.229	
1.151e-04	  -3.116	  -2.373	   4.347	   0.230	
9.247e-05	  -3.183	  -2.363	   4.400	   0.234	
1.073e-04	  -3.019	  -2.260	   4.225	   0.230	
8.883e-05	  -3.267	  -2.467	   4.483	   0.228	
8.985e-05	  -3.165	  -2.397	   4.407	   0.233	
1.038e-04	  -3.207	  -2.446	   4.462	   0.232	
1.098e-04	  -3.182	  -2.390	   4.428	   0.235	
9.263e-05	  -3.109	  -2.483	   4.411	   0.229	
9.825e-05	  -3.048	  -2.466	   4.335	   0.224	
1.006e-04	  -3.182	  -2.367	   4.347	   0.224	
8.806e-05	  -3.224	  -2.470	   4.529	   0.240	
8.175e-05	  -3.209	  -2.495	   4.505	   0.236	
1.098e-04	  -3.080	  -2.409	   4.374	   0.234	
1.052e-04	  -3.102	  -2.430	   4.374	   0.231	
9.237e-05	  -3.051	  -2.342	   4.313	   0.235	
1.049e-04	  -3.158	  -2.395	   4.387	   0.230	
9.463e-05	  -3.096	  -2.304	   4.285	   0.228	
1.003e-04	  -3.137	  -2.418	   4.403	   0.232	
8.801e-05	  -3.192	  -2.332	   4.363	   0.230	
1.144e-04	  -3.063	  -2.402	   4.323	   0.228	
9.330e-05	  -3.081	  -2.360	   4.319	   0.229	
1.000e-04	  -3.062	  -2.372	   4.309	   0.228	
1.069e-04	  -3.216	  -2.325	   4.429	   0.240	
1.147e-04	  -3.028	  -2.370	   4.269	   0.224	
1.120e-04	  -3.227	  -2.368	   4.409	   0.231	
1.079e-04	  -3.224	  -2.380	   4.438	   0.234	
9.378e-05	  -3.159	  -2.420	   4.429	   0.235	
1.044e-04	  -3.144	  -2.400	   4.408	   0.235	
8.191e-05	  -3.010	  -2.409	   4.294	   0.227	
8.416e-05	  -3.138	  -2.321	   4.340	   0.231	
1.107e-04	  -3.293	  -2.346	   4.453	   0.234	
1.136e-04	  -3.050	  -2.287	   4.244	   0.228	
9.775e-05	  -3.033	  -2.324	   4.292	   0.234	
1.115e-04	  -3.240	  -2.367	   4.435	   0.234	
8.296e-05	  -3.254	  -2.347	   4.425	   0.232	
9.265e-05	  -3.143	  -2.428	   4.381	   0.228	
1.123e-04	  -3.207	  -2.364	   4.417	   0.234	
9.142e-05	  -3.243	  -2.463	   4.504	   0.235	
1.271e-04	  -3.147	  -2.327	   4.325	   0.228	
8.756e-05	  -3.090	  -2.325	   4.331	   0.235	
9.259e-05	  -3.138	  -2.338	   4.357	   0.233	
9.975e-05	  -3.057	  -2.274	   4.226	   0.225	
8.640e-05	  -3.156	  -2.398	   4.421	   0.237	
9.513e-05	  -3.118	  -2.261	   4.245	   0.223	
1.042e-04	  -3.202	  -2.313	   4.370	   0.232	
9.754e-05	  -3.221	  -2.414	   4.439	   0.230	
1.091e-04	  -3.189	  -2.208	   4.303	   0.233	
9.384e-05	  -3.079	  -2.415	   4.355	   0.231	
9.778e-05	  -3.092	  -2.367	   4.359	   0.235	
1.099e-04	  -3.144	  -2.435	   4.426	   0.234	
9.485e-05	  -3.081	  -2.349	   4.300	   0.228	
9.665e-05	  -3.153	  -2.357	   4.375	   0.233	
1.070e-04	  -3.140	  -2.399	   4.380	   0.229	
8.243e-05	  -3.025	  -2.235	   4.178	   0.224	
9.760e-05	  -2.805	  -2.228	   4.077	   0.229	
1.123e-04	  -3.203	  -2.285	   4.362	   0.233	
1.062e-04	  -3.145	  -2.411	   4.398	   0.231	
8.617e-05	  -3.125	  -2.364	   4.370	   0.233	
9.727e-05	  -3.152	  -2.325	   4.339	   0.231	
1.143e-04	  -3.056	  -2.190	   4.175	   0.225	
1.040e-04	  -3.157	  -2.371	   4.408	   0.237	
1.335e-04	  -3.171	  -2.276	   4.327	   0.231	
9.411e-05	  -3.146	  -2.396	   4.370	   0.227	
1.019e-04	  -3.212	  -2.536	   4.537	   0.236	
1.044e-04	  -3.022	  -2.378	   4.289	   0.227	
1.230e-04	  -3.150	  -2.373	   4.372	   0.231	
1.018e-04	  -3.127	  -2.371	   4.361	   0.232	
1.077e-04	  -3.057	  -2.328	   4.281	   0.229	
1.175e-04	  -3.146	  -2.346	   4.393	   0.238	
1.125e-04	  -3.202	  -2.486	   4.505	   0.237	
1.114e-04	  -3.209	  -2.440	   4.426	   0.226	
1.018e-04	  -3.200	  -2.406	   4.436	   0.234	
1.022e-04	  -3.100	  -2.454	   4.393	   0.230	
9.335e-05	  -3.157	  -2.500	   4.454	   0.230	
9.233e-05	  -3.086	  -2.492	   4.421	   0.234	
9.174e-05	  -3.201	  -2.319	   4.369	   0.231	
1.093e-04	  -3.057	  -2.348	   4.307	   0.232	
1.029e-04	  -3.196	  -2.460	   4.470	   0.233	
1.005e-04	  -3.178	  -2.427	   4.437	   0.233	
1.028e-04	  -3.099	  -2.308	   4.298	   0.231	
